1 3 3 3.0 44 44 44.0
2 2 3 2.4 3 44 20.8
3 2 3 2.25 8 34 19.0
4 2 2 2.0 0 31 13.0
5 2 5 3.25 14 47 34.0
6 2 4 2.6666666666666665 9 87 37.0
7 4 4 4.0 22 22 22.0
8 3 4 3.3333333333333335 14 54 28.0
9 3 4 3.5 41 50 45.5
10 2 4 2.4 0 25 8.8
11 2 4 2.8095238095238093 0 39 9.761904761904763
12 2 6 3.111111111111111 2 36 13.88888888888889
13 2 4 2.25 0 13 5.25
14 2 4 2.4761904761904763 1 25 8.952380952380953
15 2 4 2.736842105263158 1 44 15.368421052631579
16 2 5 2.7222222222222223 0 18 8.61111111111111
17 2 4 2.4347826086956523 0 38 8.91304347826087
18 2 5 3.1052631578947367 0 62 13.105263157894736
19 2 4 2.5714285714285716 0 3 0.6428571428571429
20 2 5 2.6363636363636362 0 2 0.9090909090909091
21 2 5 2.6923076923076925 0 3 0.6923076923076923
22 2 3 2.1666666666666665 0 2 0.2222222222222222
23 2 6 2.8125 0 2 0.5625
24 2 3 2.5384615384615383 0 3 0.7692307692307693
25 2 4 2.6 0 4 1.05
26 2 5 2.6666666666666665 0 6 1.0833333333333333
27 2 5 3.0 0 3 0.8666666666666667
