Batch: 1
5 18 17 44 

Batch: 2
20 19 21 44 
23 17 6 11 
23 15 38 
16 9 8 
3 12 3 

Batch: 3
6 13 24 26 
6 14 8 
6 11 34 
16 9 8 

Batch: 4
10 1 8 
5 9 0 
11 16 31 

Batch: 5
9 5 11 12 22 32 
9 5 11 16 47 
2 3 43 
2 1 14 

Batch: 6
12 11 9 
12 21 15 
1 18 14 13 87 

Batch: 7
16 14 7 8 22 

Batch: 8
6 17 22 16 
15 9 8 3 54 
15 13 1 14 

Batch: 9
1 10 11 23 50 
15 14 3 41 

Batch: 10
35 27 26 36 7 
72 97 25 
72 20 5 
53 9 15 21 15 
53 65 1 
18 23 4 
61 59 2 
50 6 16 2 
50 54 0 
3 2 76 21 
3 2 51 9 
33 82 21 
52 83 10 
78 84 21 
75 1 62 3 
70 93 2 
70 99 12 
91 94 15 
5 14 1 
41 77 0 

Batch: 11
77 41 13 12 6 
77 41 13 64 12 
77 41 13 24 10 
77 41 17 5 
77 95 1 
39 45 42 5 
39 45 20 9 
27 38 30 6 
27 38 28 3 
27 56 8 
61 59 2 
32 34 33 28 
32 34 58 2 
68 51 10 
83 52 10 
11 7 19 80 14 
26 87 66 13 
50 96 7 
50 6 0 
40 15 99 15 
90 97 39 

Batch: 12
23 25 74 18 
4 50 6 77 95 9 
4 65 15 17 
4 50 89 10 
4 64 12 
4 22 5 
58 78 88 79 36 
58 78 88 51 12 
58 34 2 
14 5 1 39 45 69 11 
14 5 1 7 81 10 
93 70 2 
93 47 12 
93 85 6 
31 49 60 31 
28 87 66 11 
12 67 73 21 
72 97 25 

Batch: 13
32 81 1 
32 24 10 
4 29 3 
4 20 11 
93 38 11 21 3 
1 23 9 
5 55 13 
63 54 6 
33 48 10 
33 82 3 
44 31 80 7 
73 41 87 2 
73 98 1 
73 61 7 
10 72 1 
10 35 0 
50 60 6 
68 14 64 3 
39 15 69 7 
65 70 3 
65 92 6 
22 19 0 
17 18 5 
90 47 9 

Batch: 14
23 25 5 
1 26 5 
5 27 3 
4 96 8 
4 2 1 
4 66 18 
4 63 5 
4 20 11 
11 21 2 
59 72 22 12 
59 61 9 
59 60 25 
79 29 86 1 
38 93 94 82 20 
38 89 6 
92 84 87 83 6 
31 80 67 17 
7 81 34 23 
7 81 32 1 
68 14 76 3 
3 77 7 

Batch: 15
19 57 84 87 7 
19 22 47 26 
19 57 95 7 
19 22 6 5 
19 22 24 43 
56 20 3 
29 78 13 4 
29 79 28 14 
29 86 1 
10 72 59 60 29 
10 16 43 28 
10 11 53 4 
91 74 97 21 
91 88 44 
35 73 68 13 
35 30 2 
65 66 13 
65 63 15 
39 77 13 

Batch: 16
36 77 26 7 
8 20 47 14 
8 57 11 
21 15 38 23 7 
30 78 89 7 
30 29 3 
5 59 5 
10 83 41 9 
10 83 55 17 
10 37 14 
4 7 16 39 82 17 
4 7 42 5 
4 6 0 
71 68 91 18 
71 95 3 
67 48 6 
73 46 12 
35 75 1 0 

Batch: 17
20 19 25 18 
20 8 3 
15 46 8 
15 21 5 
32 29 52 1 
32 93 7 
2 4 7 42 5 
2 4 3 7 
2 81 80 4 
51 50 14 45 38 
71 95 74 19 
71 96 5 
71 53 1 
89 87 2 
57 11 5 
57 84 2 
33 85 28 
35 10 37 15 
35 75 0 
63 66 17 
63 60 5 
86 67 8 
92 98 2 

Batch: 18
9 77 36 23 11 22 
9 77 26 94 99 62 
9 77 36 33 3 
9 21 9 
84 78 31 28 49 17 
84 78 90 97 22 
84 78 98 14 
7 4 18 43 18 
7 4 5 7 
7 4 6 0 
7 4 2 0 
7 1 1 
7 42 5 
10 83 41 9 
10 72 1 
50 65 11 
13 68 91 19 
13 45 26 
66 17 3 

Batch: 19
103 105 2 
8 36 38 39 3 
102 9 11 32 0 
102 120 0 
13 91 0 
30 14 25 0 
30 119 2 
87 21 0 
6 82 0 
104 117 124 0 
104 81 1 
108 46 52 84 0 
94 16 1 
37 53 0 

Batch: 20
53 37 35 41 62 1 
53 24 22 30 1 
19 81 27 0 
19 50 1 
86 66 1 
86 82 0 
83 123 78 2 
83 84 2 
16 73 0 
33 70 1 
122 114 1 

Batch: 21
29 6 0 
29 100 0 
1 7 93 127 4 0 
106 92 85 2 
106 122 1 
87 21 19 54 3 
87 21 67 0 
87 21 13 0 
87 20 1 
28 12 43 2 
36 53 0 
36 56 0 
125 119 0 

Batch: 22
74 24 0 
74 101 0 
50 27 31 0 
2 1 14 0 
2 59 0 
2 64 0 
2 26 0 
2 35 0 
84 83 1 
56 11 0 
121 124 1 
69 5 0 
69 3 0 
58 62 0 
13 9 0 
110 115 2 
75 88 0 
126 3 41 0 

Batch: 23
25 9 67 83 96 119 2 
25 56 11 1 
25 17 0 
25 103 2 
36 7 126 0 
36 7 75 0 
36 112 0 
36 38 0 
6 68 93 31 0 
6 64 51 0 
6 67 83 0 
6 84 30 1 
6 78 1 
6 29 0 
59 57 16 1 
53 125 1 

Batch: 24
122 44 100 3 
122 103 2 
22 85 76 1 
22 85 32 2 
22 48 0 
31 8 81 1 
31 8 23 0 
31 89 0 
67 71 10 0 
84 70 1 
21 52 0 
51 79 119 0 
41 45 0 

Batch: 25
9 13 109 115 1 
9 13 109 78 4 
9 13 123 3 
9 1 79 1 
9 1 103 0 
36 67 0 
36 32 0 
36 100 0 
20 18 39 0 
37 74 93 122 4 
37 1 92 0 
35 43 1 
35 55 2 
35 4 0 
35 66 0 
35 96 0 
35 97 1 
15 96 54 2 
15 27 1 
15 24 1 

Batch: 26
40 44 106 0 
40 39 101 6 
118 107 15 32 120 1 
118 123 0 
21 83 68 6 0 
21 88 2 
21 23 1 
74 91 0 
89 60 62 1 
89 119 1 
18 110 1 
18 71 0 

Batch: 27
71 77 78 3 
71 9 89 1 
71 75 104 0 
17 50 56 112 84 0 
17 21 90 105 2 
17 48 0 
102 95 0 
7 3 79 121 1 
7 3 24 0 
7 69 1 
64 2 82 28 1 
43 116 85 117 2 
110 54 1 
37 57 1 
52 44 0 

